Queotuvro (F. 80110100), p. 131.
0011110 (8. 8118019501), p. 310.

011110 uenero (F. Petrue 00), 9. 150. ’
00011110 (preceptores), 9. 311.
00011010 (F. 8500101 00), 9. 309.
00011011 (F. Μ11110111 00), 9. tta.

81111 (8. lohannes 10), preceptor. p. 51.
81001101 (5011105001), 00101101, p. 11,191,
101,173.
8100111001 (8.), p. 117, 307, 383.
---- 810101 51100111, 9. 370.
101101,9. 339.
810101 5101101, p. 331.
8111111111 (8. 8050110100), p. 51.
8010 (8. Guillelmue 001), preceptor, p. 153.
8110110 (8.6080110811100), p. 109.
811011111(1)001111 8011191180), 8510100015
81000111, p. 193, 195.
8111101111 (Domus Templi 80 10), (80100100-
100110 81000111, p. 141.
8111101111 (8. (1018010101), milet, p· 155,
501.
---«- (F. Ρο1101),9. 159.
8111101001 ( 8.), 9. tte.
—-—- Elueneie epiecopus, 9. 113,115,
415117.
--- (8.). 910019101, 9. 471.
81111001 (8. 1101101),9. 5, 11.
—-— (8. Engo), preceptor, p. 11, 101.
-—- (8511150111), 9. 195195.
-— (F. Petrae), p. 111, 115, 130.
’ -——-· (8011111), 00101101 90511001, 9. 515.
81110111 (8.(10111010101), 9. 131.
80001111 (8. P. 00), 1111101, p. 199.
8101111 (8. 1001001101), p. 508.
8001111001 (8.), 9110180 81011000, p. 178,
179,180, 181, 181, 301.
8001111001 (8.), 9. 113.
preceptor Templi 8010110-
0011111, 9. 355.

110011 (8. 8001011), 9. 159.
8111111111 (8. 8050110100),10111001, p. 1.
8111110111 (8. 80501101 00), 9. 71.κ

Quaero (F. 810950001008.), 9. 110.

00110118001101100(8. Syneon 00), preceptor
50111110 80 8100010, 9. 190, 311, 357.

p ³84 preceptertleCheueee,

Reicere (F. flego 00), mileo, 9. 107.
8011111101 (8. 80501101 00), 9. 15, 79.
8000111101051091100900, 9 1, 59, 51, 71,
118, 356.
8011010101 8011011 (F. 80110100), 9. 85, 118,
119.
limem (8.), p. 311.
preceptor de colomberiis,
p· 405.
80111111 (F. Michael(, p. 183.
-- (F. 8071000801), 9. 450, 555,
501.
8011110 (F. 10500001 00 8.), 9. 319,
801111 (F. 8105018111 00), p ate.
--·- (F. Territus 00), 910009101, 9. 185.
801111111 (8. 10510001 00), p. 75.
801010100 (8. (10101801 10), p. 185.
801001111 (F. 8050110000), 9. tt.
8111010 (8. 8109110001), 9. 111.
8111800101 (500101 Templi 80), p. 5, 15.
810001010111 (Domus Templi 80), 10 00011-
1010 venicio. 9. 374.
811011 81111 (8. 8011100801 00), mileu,
p.435‚499.
8110 (8. B. 00), 9. 185.
- (8.81095000100), 9. 135.
8010011 (8. 10500001), preceptor de 1111011110,
,118,153.
-p—- (F. 8170100801), preceptor de 801-
1110,9.191.
80000101 (8.), 9. te. 110, 313, 317, 311,
351, 375.
preceptor, p. 300.
810101 00 (1011101110, 910-
ceptor de 8000070 01 80 81001911, 9. 195.
11001 (F. (1011105001), p. 159.
80010011 (8. B. 00),101101, 9. 173.

 

